<tab:es_pooled_ech>
 .31778165	 .53260564	-.68602712	-.96093353	-.03565266	-.02984702
 .04489995	 .03990616	 .23179121	 .20902658	 .02021746	 .02262568
    236509	    105192	    146976	     69894	    146976	     69894
 .17860899	 .71575766	-.47103754	 .11168094	-.03569039	-.14079356
 .03075922	 .05209964	  .1844403	 .53293371	 .02232955	 .04980045
    142075	     38603	     81268	     26754	     81268	     26754
 .66818166	 .43590025	  -.580505	-.98380642	-.08932268	 -.0286467
 .08828123	 .03730442	 .29464993	 .23047132	 .03007372	 .02974025
     94434	     66589	     65708	     43140	     65708	     43140
 .47988028	  .5869803	 -.0380066	  -.587426	-.12276719	 -.0640957
 .05279761	 .04382862	 .21125985	 .27402378	 .02454886	 .02949082
    123584	     70961	     82958	     44428	     82958	     44428
 .15058305	 .47260783	-1.4419631	-1.2693138	 .06886327	-.00539536
 .04551494	 .04432109	 .30671311	 .25849492	 .02812284	 .03274713
    112925	     34231	     64018	     25466	     64018	     25466
<tab:did_pooled_ech>
   .132485	-.01808973	 .38929268	 .64449942	 .01295304	-.07529046
 .04065145	 .04405398	   .441807	 .70177436	 .05666979	 .07080789
    118188	     51692	     68332	     32357	     68332	     32357
 .15345218	 .18025481	 .39385584	 2.4607877	  .0201521	-.09166313
 .04809753	 .09100434	 .60146589	 1.0903468	 .07032707	 .13299929
     78105	     19119	     43102	     12533	     43102	     12533
 .18140733	-.06404782	  .4016805	 .51593352	-.01530139	-.11446549
 .06147032	 .05610615	 .53706641	 .82478312	 .07348922	 .08051878
     40083	     32573	     25230	     19824	     25230	     19824
  .1926107	 .00765457	 .95020767	 1.1257439	 -.0534468	-.10918528
 .04598063	 .05880473	 .56677492	 .87926008	 .06345853	 .09604707
     66717	     36586	     41661	     21513	     41661	     21513
  .0820358	-.07146551	-.27006543	-.25497411	 .09822026	 .00028548
 .06402294	   .084623	 .57266592	 1.0934659	 .08200225	 .12977313
     51471	     15106	     26671	     10844	     26671	     10844
<tab:es_pooled_births_long>
 -180.4673	-.08395937
  28.98934	 .01110053
       170	       170
-156.07329	-12.874744
 26.553802	 1.3518422
       170	       170
-36.052009	 9.5579403
   25.1971	 .71058687
       170	       170
-792.63436	-18.374371
 90.545866	  1.140005
       170	       170
 283.69976	 8.5493849
 43.315518	 .93461268
       170	       170
<tab:did_pooled_births_long>
-123.15199	-.03719723
 16.846315	 .01417182
       340	       340
-82.594721	 2.9995983
 13.622389	 .79352819
       340	       340
-43.269495	-3.9969399
 8.1315919	 .85621335
       340	       340
-287.43202	-5.7247459
 25.282865	 1.0234165
       340	       340
  94.37311	 3.7331818
 13.795789	 1.2515508
       340	       340
<tab:es_pooled_births_ind>
-.01036703	-.14261244	 .60917101	-.00533292
 .02663316	 .02568599	 .08526821	 .01643188
    506094	    504206	    502013	    502107
-.00972825	-.13193938	 .55124972	-.00414813
 .02837962	 .03313565	 .07008981	 .02039893
    313217	    311718	    311457	    310941
-.01043905	-.16015214	 .74093553	-.00181443
 .03145924	 .02437458	 .15279625	 .01914058
    189138	    188779	    188633	    187429
-.02686678	-.13107744	 .67904561	-.02424012
 .02979299	 .03058927	 .10538565	 .02030651
    319102	    317984	    316801	    316127
 -.1911226	-.33251053	 .89474149	-.12272887
 .04256311	 .03927361	 .10300375	 .02237144
    145275	    144704	    143735	    144270
<tab:did_pooled_births_ind>
-.04842162	 -.1816326	 .06281069	-.06956757
 .02919189	 .04335864	 .04292108	 .02533434
    318521	    316882	    316791	    315146
-.04250381	-.17616135	   .082239	-.05749144
 .04944779	 .06312196	 .03856053	  .0387637
    204431	    203133	    203541	    202250
-.03009402	-.17063008	  .0356003	-.07389076
 .05299348	 .05366107	 .08060193	  .0483599
    112566	    112265	    112324	    111378
-.03360275	-.15318987	 .19342485	-.07437671
  .0371809	  .0557633	 .05005114	 .03352275
    206733	    205768	    205725	    204474
-.14033253	-.32186278	 .02894258	-.10128788
 .05406441	  .0661507	 .04795794	 .03950865
     98216	     97631	     97563	     97120
